######################################################################
#
# LoggerIdentifier    : 1854632C
# Manufacturer        : Antares Datensysteme GmbH
# Comment             : 
# PC Time             : 03 April 2018 , 19:14:08
# Logger Time         : 03 April 2018 , 19:14:20
# StartBatteryVoltage :      2979 mV
# EndBatteryVoltage   :      2962 mV
# TotalSampleCount    :    159430
# ResistanceOffset    :     11904.08378
# ResistanceScale     : 数ResistanceScale
# DateOfCalibration   : 15 November 2017 , 07:52:00
# CalibrationFile     : C:\Users\Wentao Zhang\Desktop\软件著作权申请\main\FIELAX\FIELAX_SHP_Calibration_Files\1854632C.cal
# CalibrationFunction : $T(^{\circ}C) = \left(\sum_{i=0}^3A_i\ln(X)^i\right)^{-1}-273.15$, with $X=$resistance [$\Omega$]
# CalibrationCoeff    : 1.094676e-03 2.047478e-04 6.981233e-07 6.821322e-08
#
######################################################################
yyyy mm dd HH MM SS      Raw     Res[Ohm]   Temp[degC]
2018 03 23 14 05 01    21254    30792.911       24.414
2018 03 23 14 05 02    21255    30794.155       24.413
2018 03 23 14 05 03    21257    30796.641       24.411
2018 03 23 14 05 04    21259    30799.128       24.410
2018 03 23 14 05 05    21260    30800.371       24.409
2018 03 23 14 05 06    21262    30802.858       24.407
2018 03 23 14 05 07    21263    30804.101       24.406
2018 03 23 14 05 08    21266    30807.831       24.404
2018 03 23 14 05 09    21267    30809.075       24.403
2018 03 23 14 05 10    21268    30810.318       24.402
2018 03 23 14 05 11    21270    30812.805       24.400
2018 03 23 14 05 12    21272    30815.292       24.398
2018 03 23 14 05 13    21273    30816.536       24.398
2018 03 23 14 05 14    21275    30819.023       24.396
2018 03 23 14 05 15    21276    30820.267       24.395
2018 03 23 14 05 16    21278    30822.755       24.393
2018 03 23 14 05 17    21278    30822.755       24.393
2018 03 23 14 05 18    21281    30826.486       24.391
2018 03 23 14 05 19    21282    30827.730       24.390
2018 03 23 14 05 20    21283    30828.974       24.389
2018 03 23 14 05 21    21284    30830.218       24.388
2018 03 23 14 05 22    21286    30832.706       24.386
2018 03 23 14 05 23    21287    30833.950       24.385
2018 03 23 14 05 24    21288    30835.194       24.385
2018 03 23 14 05 25    21290    30837.682       24.383
2018 03 23 14 05 26    21291    30838.926       24.382
2018 03 23 14 05 27    21292    30840.170       24.381
2018 03 23 14 05 28    21293    30841.414       24.380
2018 03 23 14 05 29    21295    30843.902       24.379
2018 03 23 14 05 30    21296    30845.147       24.378
2018 03 23 14 05 31    21297    30846.391       24.377
2018 03 23 14 05 32    21298    30847.635       24.376
2018 03 23 14 05 33    21299    30848.879       24.375
2018 03 23 14 05 34    21300    30850.124       24.374
2018 03 23 14 05 35    21302    30852.613       24.373
2018 03 23 14 05 36    21302    30852.613       24.373
2018 03 23 14 05 37    21303    30853.857       24.372
2018 03 23 14 05 38    21305    30856.346       24.370
2018 03 23 14 05 39    21305    30856.346       24.370
2018 03 23 14 05 40    21306    30857.590       24.369
2018 03 23 14 05 41    21307    30858.835       24.368
2018 03 23 14 05 42    21308    30860.079       24.367
2018 03 23 14 05 43    21310    30862.568       24.366
2018 03 23 14 05 44    21311    30863.813       24.365
2018 03 23 14 05 45    21312    30865.058       24.364
2018 03 23 14 05 46    21312    30865.058       24.364
2018 03 23 14 05 47    21313    30866.302       24.363
2018 03 23 14 05 48    21314    30867.547       24.362
2018 03 23 14 05 49    21315    30868.792       24.361
2018 03 23 14 05 50    21316    30870.036       24.360
2018 03 23 14 05 51    21317    30871.281       24.360
2018 03 23 14 05 52    21318    30872.526       24.359
2018 03 23 14 05 53    21318    30872.526       24.359
2018 03 23 14 05 54    21319    30873.771       24.358
2018 03 23 14 05 55    21320    30875.016       24.357
2018 03 23 14 05 56    21321    30876.260       24.356
2018 03 23 14 05 57    21322    30877.505       24.355
2018 03 23 14 05 58    21323    30878.750       24.354
2018 03 23 14 05 59    21323    30878.750       24.354
2018 03 23 14 06 00    21325    30881.240       24.353
2018 03 23 14 06 01    21325    30881.240       24.353
2018 03 23 14 06 02    21326    30882.485       24.352
2018 03 23 14 06 03    21327    30883.730       24.351
2018 03 23 14 06 04    21327    30883.730       24.351
2018 03 23 14 06 05    21329    30886.220       24.349
2018 03 23 14 06 06    21329    30886.220       24.349
2018 03 23 14 06 07    21330    30887.465       24.348
2018 03 23 14 06 08    21331    30888.710       24.348
2018 03 23 14 06 09    21332    30889.955       24.347
2018 03 23 14 06 10    21332    30889.955       24.347
2018 03 23 14 06 11    21334    30892.446       24.345
2018 03 23 14 06 12    21333    30891.201       24.346
2018 03 23 14 06 13    21334    30892.446       24.345
2018 03 23 14 06 14    21335    30893.691       24.344
2018 03 23 14 06 15    21336    30894.936       24.343
2018 03 23 14 06 16    21336    30894.936       24.343
2018 03 23 14 06 17    21337    30896.181       24.342
2018 03 23 14 06 18    21338    30897.427       24.342
2018 03 23 14 06 19    21338    30897.427       24.342
2018 03 23 14 06 20    21339    30898.672       24.341
2018 03 23 14 06 21    21339    30898.672       24.341
2018 03 23 14 06 22    21340    30899.917       24.340
2018 03 23 14 06 23    21341    30901.163       24.339
2018 03 23 14 06 24    21341    30901.163       24.339
2018 03 23 14 06 25    21342    30902.408       24.338
2018 03 23 14 06 26    21342    30902.408       24.338
2018 03 23 14 06 27    21343    30903.654       24.337
2018 03 23 14 06 28    21344    30904.899       24.336
2018 03 23 14 06 29    21345    30906.144       24.336
2018 03 23 14 06 30    21345    30906.144       24.336
2018 03 23 14 06 31    21345    30906.144       24.336
2018 03 23 14 06 32    21346    30907.390       24.335
2018 03 23 14 06 33    21346    30907.390       24.335
2018 03 23 14 06 34    21346    30907.390       24.335
2018 03 23 14 06 35    21347    30908.635       24.334
2018 03 23 14 06 36    21347    30908.635       24.334
2018 03 23 14 06 37    21348    30909.881       24.333
2018 03 23 14 06 38    21349    30911.127       24.332
2018 03 23 14 06 39    21349    30911.127       24.332
2018 03 23 14 06 40    21349    30911.127       24.332
2018 03 23 14 06 41    21350    30912.372       24.331
2018 03 23 14 06 42    21350    30912.372       24.331
2018 03 23 14 06 43    21351    30913.618       24.330
2018 03 23 14 06 44    21351    30913.618       24.330
2018 03 23 14 06 45    21351    30913.618       24.330
2018 03 23 14 06 46    21351    30913.618       24.330
2018 03 23 14 06 47    21352    30914.863       24.330
2018 03 23 14 06 48    21352    30914.863       24.330
2018 03 23 14 06 49    21353    30916.109       24.329
2018 03 23 14 06 50    21353    30916.109       24.329
2018 03 23 14 06 51    21353    30916.109       24.329
2018 03 23 14 06 52    21353    30916.109       24.329
2018 03 23 14 06 53    21354    30917.355       24.328
2018 03 23 14 06 54    21354    30917.355       24.328
2018 03 23 14 06 55    21354    30917.355       24.328
2018 03 23 14 06 56    21355    30918.601       24.327
2018 03 23 14 06 57    21355    30918.601       24.327
2018 03 23 14 06 58    21356    30919.846       24.326
2018 03 23 14 06 59    21356    30919.846       24.326
2018 03 23 14 07 00    21357    30921.092       24.325
2018 03 23 14 07 01    21357    30921.092       24.325
2018 03 23 14 07 02    21358    30922.338       24.324
2018 03 23 14 07 03    21357    30921.092       24.325
2018 03 23 14 07 04    21358    30922.338       24.324
2018 03 23 14 07 05    21358    30922.338       24.324
2018 03 23 14 07 06    21359    30923.584       24.324
2018 03 23 14 07 07    21359    30923.584       24.324
2018 03 23 14 07 08    21360    30924.829       24.323
2018 03 23 14 07 09    21360    30924.829       24.323
2018 03 23 14 07 10    21360    30924.829       24.323
2018 03 23 14 07 11    21360    30924.829       24.323
2018 03 23 14 07 12    21360    30924.829       24.323
2018 03 23 14 07 13    21361    30926.075       24.322
2018 03 23 14 07 14    21361    30926.075       24.322
2018 03 23 14 07 15    21362    30927.321       24.321
2018 03 23 14 07 16    21362    30927.321       24.321
2018 03 23 14 07 17    21363    30928.567       24.320
2018 03 23 14 07 18    21362    30927.321       24.321
2018 03 23 14 07 19    21363    30928.567       24.320
2018 03 23 14 07 20    21364    30929.813       24.319
2018 03 23 14 07 21    21365    30931.059       24.318
2018 03 23 14 07 22    21364    30929.813       24.319
2018 03 23 14 07 23    21365    30931.059       24.318
2018 03 23 14 07 24    21365    30931.059       24.318
2018 03 23 14 07 25    21365    30931.059       24.318
2018 03 23 14 07 26    21366    30932.305       24.317
2018 03 23 14 07 27    21366    30932.305       24.317
2018 03 23 14 07 28    21366    30932.305       24.317
2018 03 23 14 07 29    21367    30933.551       24.317
2018 03 23 14 07 30    21368    30934.797       24.316
2018 03 23 14 07 31    21367    30933.551       24.317
2018 03 23 14 07 32    21368    30934.797       24.316
2018 03 23 14 07 33    21368    30934.797       24.316
2018 03 23 14 07 34    21369    30936.043       24.315
2018 03 23 14 07 35    21369    30936.043       24.315
2018 03 23 14 07 36    21369    30936.043       24.315
2018 03 23 14 07 37    21370    30937.289       24.314
2018 03 23 14 07 38    21370    30937.289       24.314
2018 03 23 14 07 39    21370    30937.289       24.314
2018 03 23 14 07 40    21370    30937.289       24.314
2018 03 23 14 07 41    21371    30938.535       24.313
2018 03 23 14 07 42    21371    30938.535       24.313
2018 03 23 14 07 43    21372    30939.782       24.312
2018 03 23 14 07 44    21372    30939.782       24.312
2018 03 23 14 07 45    21372    30939.782       24.312
2018 03 23 14 07 46    21372    30939.782       24.312
2018 03 23 14 07 47    21373    30941.028       24.311
2018 03 23 14 07 48    21373    30941.028       24.311
2018 03 23 14 07 49    21373    30941.028       24.311
2018 03 23 14 07 50    21374    30942.274       24.311
2018 03 23 14 07 51    21374    30942.274       24.311
2018 03 23 14 07 52    21375    30943.520       24.310
2018 03 23 14 07 53    21375    30943.520       24.310
2018 03 23 14 07 54    21375    30943.520       24.310
2018 03 23 14 07 55    21376    30944.766       24.309
2018 03 23 14 07 56    21376    30944.766       24.309
2018 03 23 14 07 57    21376    30944.766       24.309
2018 03 23 14 07 58    21376    30944.766       24.309
2018 03 23 14 07 59    21377    30946.013       24.308
2018 03 23 14 08 00    21377    30946.013       24.308
2018 03 23 14 08 01    21377    30946.013       24.308
2018 03 23 14 08 02    21378    30947.259       24.307
2018 03 23 14 08 03    21378    30947.259       24.307
2018 03 23 14 08 04    21378    30947.259       24.307
2018 03 23 14 08 05    21378    30947.259       24.307
2018 03 23 14 08 06    21378    30947.259       24.307
2018 03 23 14 08 07    21379    30948.505       24.306
2018 03 23 14 08 08    21380    30949.752       24.305
2018 03 23 14 08 09    21379    30948.505       24.306
2018 03 23 14 08 10    21379    30948.505       24.306
2018 03 23 14 08 11    21380    30949.752       24.305
2018 03 23 14 08 12    21380    30949.752       24.305
2018 03 23 14 08 13    21380    30949.752       24.305
2018 03 23 14 08 14    21380    30949.752       24.305
2018 03 23 14 08 15    21381    30950.998       24.305
2018 03 23 14 08 16    21381    30950.998       24.305
2018 03 23 14 08 17    21381    30950.998       24.305
2018 03 23 14 08 18    21381    30950.998       24.305
2018 03 23 14 08 19    21381    30950.998       24.305
2018 03 23 14 08 20    21382    30952.245       24.304
2018 03 23 14 08 21    21381    30950.998       24.305
2018 03 23 14 08 22    21382    30952.245       24.304
2018 03 23 14 08 23    21382    30952.245       24.304
2018 03 23 14 08 24    21382    30952.245       24.304
2018 03 23 14 08 25    21383    30953.491       24.303
2018 03 23 14 08 26    21384    30954.737       24.302
2018 03 23 14 08 27    21384    30954.737       24.302
2018 03 23 14 08 28    21384    30954.737       24.302
2018 03 23 14 08 29    21384    30954.737       24.302
2018 03 23 14 08 30    21384    30954.737       24.302
2018 03 23 14 08 31    21384    30954.737       24.302
2018 03 23 14 08 32    21385    30955.984       24.301
2018 03 23 14 08 33    21385    30955.984       24.301
2018 03 23 14 08 34    21385    30955.984       24.301
2018 03 23 14 08 35    21385    30955.984       24.301
2018 03 23 14 08 36    21385    30955.984       24.301
2018 03 23 14 08 37    21386    30957.230       24.300
2018 03 23 14 08 38    21386    30957.230       24.300
2018 03 23 14 08 39    21386    30957.230       24.300
2018 03 23 14 08 40    21387    30958.477       24.299
2018 03 23 14 08 41    21386    30957.230       24.300
2018 03 23 14 08 42    21386    30957.230       24.300
2018 03 23 14 08 43    21387    30958.477       24.299
2018 03 23 14 08 44    21387    30958.477       24.299
2018 03 23 14 08 45    21387    30958.477       24.299
2018 03 23 14 08 46    21387    30958.477       24.299
2018 03 23 14 08 47    21387    30958.477       24.299
2018 03 23 14 08 48    21388    30959.724       24.299
2018 03 23 14 08 49    21387    30958.477       24.299
2018 03 23 14 08 50    21388    30959.724       24.299
2018 03 23 14 08 51    21389    30960.970       24.298
2018 03 23 14 08 52    21389    30960.970       24.298
2018 03 23 14 08 53    21389    30960.970       24.298
2018 03 23 14 08 54    21389    30960.970       24.298
2018 03 23 14 08 55    21390    30962.217       24.297
2018 03 23 14 08 56    21390    30962.217       24.297
2018 03 23 14 08 57    21391    30963.463       24.296
2018 03 23 14 08 58    21391    30963.463       24.296
2018 03 23 14 08 59    21392    30964.710       24.295
2018 03 23 14 09 00    21393    30965.957       24.294
2018 03 23 14 09 01    21393    30965.957       24.294
2018 03 23 14 09 02    21393    30965.957       24.294
2018 03 23 14 09 03    21394    30967.203       24.293
2018 03 23 14 09 04    21395    30968.450       24.293
2018 03 23 14 09 05    21394    30967.203       24.293
2018 03 23 14 09 06    21396    30969.697       24.292
2018 03 23 14 09 07    21395    30968.450       24.293
2018 03 23 14 09 08    21396    30969.697       24.292
2018 03 23 14 09 09    21396    30969.697       24.292
2018 03 23 14 09 10    21397    30970.944       24.291
2018 03 23 14 09 11    21397    30970.944       24.291
2018 03 23 14 09 12    21397    30970.944       24.291
2018 03 23 14 09 13    21397    30970.944       24.291
2018 03 23 14 09 14    21397    30970.944       24.291
2018 03 23 14 09 15    21398    30972.191       24.290
2018 03 23 14 09 16    21398    30972.191       24.290
2018 03 23 14 09 17    21399    30973.437       24.289
2018 03 23 14 09 18    21400    30974.684       24.288
2018 03 23 14 09 19    21400    30974.684       24.288
2018 03 23 14 09 20    21401    30975.931       24.287
2018 03 23 14 09 21    21400    30974.684       24.288
2018 03 23 14 09 22    21402    30977.178       24.287
2018 03 23 14 09 23    21402    30977.178       24.287
2018 03 23 14 09 24    21402    30977.178       24.287
2018 03 23 14 09 25    21402    30977.178       24.287
2018 03 23 14 09 26    21403    30978.425       24.286
2018 03 23 14 09 27    21403    30978.425       24.286
2018 03 23 14 09 28    21403    30978.425       24.286
2018 03 23 14 09 29    21403    30978.425       24.286
2018 03 23 14 09 30    21404    30979.672       24.285
2018 03 23 14 09 31    21404    30979.672       24.285
2018 03 23 14 09 32    21404    30979.672       24.285
2018 03 23 14 09 33    21405    30980.919       24.284
2018 03 23 14 09 34    21405    30980.919       24.284
2018 03 23 14 09 35    21406    30982.166       24.283
2018 03 23 14 09 36    21405    30980.919       24.284
2018 03 23 14 09 37    21405    30980.919       24.284
2018 03 23 14 09 38    21407    30983.413       24.282
2018 03 23 14 09 39    21407    30983.413       24.282
2018 03 23 14 09 40    21407    30983.413       24.282
2018 03 23 14 09 41    21408    30984.660       24.281
2018 03 23 14 09 42    21408    30984.660       24.281
2018 03 23 14 09 43    21408    30984.660       24.281
2018 03 23 14 09 44    21408    30984.660       24.281
2018 03 23 14 09 45    21408    30984.660       24.281
2018 03 23 14 09 46    21409    30985.907       24.281
2018 03 23 14 09 47    21409    30985.907       24.281
2018 03 23 14 09 48    21409    30985.907       24.281
2018 03 23 14 09 49    21409    30985.907       24.281
2018 03 23 14 09 50    21410    30987.154       24.280
2018 03 23 14 09 51    21410    30987.154       24.280
2018 03 23 14 09 52    21410    30987.154       24.280
2018 03 23 14 09 53    21411    30988.401       24.279
2018 03 23 14 09 54    21411    30988.401       24.279
2018 03 23 14 09 55    21412    30989.649       24.278
2018 03 23 14 09 56    21411    30988.401       24.279
2018 03 23 14 09 57    21412    30989.649       24.278
2018 03 23 14 09 58    21413    30990.896       24.277
2018 03 23 14 09 59    21412    30989.649       24.278
2018 03 23 14 10 00    21413    30990.896       24.277
2018 03 23 14 10 01    21413    30990.896       24.277
2018 03 23 14 10 02    21413    30990.896       24.277
2018 03 23 14 10 03    21414    30992.143       24.276
2018 03 23 14 10 04    21414    30992.143       24.276
2018 03 23 14 10 05    21414    30992.143       24.276
2018 03 23 14 10 06    21414    30992.143       24.276
2018 03 23 14 10 07    21415    30993.390       24.275
2018 03 23 14 10 08    21415    30993.390       24.275
2018 03 23 14 10 09    21415    30993.390       24.275
2018 03 23 14 10 10    21415    30993.390       24.275
2018 03 23 14 10 11    21415    30993.390       24.275
2018 03 23 14 10 12    21415    30993.390       24.275
2018 03 23 14 10 13    21416    30994.638       24.275
2018 03 23 14 10 14    21416    30994.638       24.275
2018 03 23 14 10 15    21416    30994.638       24.275
2018 03 23 14 10 16    21416    30994.638       24.275
2018 03 23 14 10 17    21417    30995.885       24.274
2018 03 23 14 10 18    21417    30995.885       24.274
2018 03 23 14 10 19    21416    30994.638       24.275
2018 03 23 14 10 20    21417    30995.885       24.274
2018 03 23 14 10 21    21417    30995.885       24.274
2018 03 23 14 10 22    21417    30995.885       24.274
2018 03 23 14 10 23    21417    30995.885       24.274
2018 03 23 14 10 24    21418    30997.132       24.273
2018 03 23 14 10 25    21418    30997.132       24.273
2018 03 23 14 10 26    21418    30997.132       24.273
2018 03 23 14 10 27    21418    30997.132       24.273
2018 03 23 14 10 28    21418    30997.132       24.273
2018 03 23 14 10 29    21419    30998.380       24.272
2018 03 23 14 10 30    21419    30998.380       24.272
2018 03 23 14 10 31    21419    30998.380       24.272
2018 03 23 14 10 32    21419    30998.380       24.272
2018 03 23 14 10 33    21419    30998.380       24.272
2018 03 23 14 10 34    21420    30999.627       24.271
2018 03 23 14 10 35    21419    30998.380       24.272
2018 03 23 14 10 36    21420    30999.627       24.271
2018 03 23 14 10 37    21420    30999.627       24.271
2018 03 23 14 10 38    21420    30999.627       24.271
2018 03 23 14 10 39    21420    30999.627       24.271
2018 03 23 14 10 40    21421    31000.874       24.270
2018 03 23 14 10 41    21421    31000.874       24.270
2018 03 23 14 10 42    21421    31000.874       24.270
2018 03 23 14 10 43    21422    31002.122       24.269
2018 03 23 14 10 44    21422    31002.122       24.269
2018 03 23 14 10 45    21422    31002.122       24.269
2018 03 23 14 10 46    21423    31003.369       24.269
2018 03 23 14 10 47    21423    31003.369       24.269
2018 03 23 14 10 48    21423    31003.369       24.269
2018 03 23 14 10 49    21423    31003.369       24.269
2018 03 23 14 10 50    21424    31004.617       24.268
2018 03 23 14 10 51    21425    31005.864       24.267
2018 03 23 14 10 52    21425    31005.864       24.267
2018 03 23 14 10 53    21425    31005.864       24.267
2018 03 23 14 10 54    21425    31005.864       24.267
2018 03 23 14 10 55    21425    31005.864       24.267
2018 03 23 14 10 56    21426    31007.112       24.266
2018 03 23 14 10 57    21425    31005.864       24.267
2018 03 23 14 10 58    21426    31007.112       24.266
2018 03 23 14 10 59    21427    31008.359       24.265
2018 03 23 14 11 00    21426    31007.112       24.266
2018 03 23 14 11 01    21427    31008.359       24.265
2018 03 23 14 11 02    21427    31008.359       24.265
2018 03 23 14 11 03    21428    31009.607       24.264
2018 03 23 14 11 04    21428    31009.607       24.264
2018 03 23 14 11 05    21428    31009.607       24.264
2018 03 23 14 11 06    21428    31009.607       24.264
2018 03 23 14 11 07    21429    31010.854       24.263
2018 03 23 14 11 08    21429    31010.854       24.263
2018 03 23 14 11 09    21428    31009.607       24.264
2018 03 23 14 11 10    21429    31010.854       24.263
2018 03 23 14 11 11    21430    31012.102       24.263
2018 03 23 14 11 12    21430    31012.102       24.263
2018 03 23 14 11 13    21430    31012.102       24.263
2018 03 23 14 11 14    21430    31012.102       24.263
2018 03 23 14 11 15    21430    31012.102       24.263
2018 03 23 14 11 16    21430    31012.102       24.263
2018 03 23 14 11 17    21431    31013.350       24.262
2018 03 23 14 11 18    21431    31013.350       24.262
2018 03 23 14 11 19    21431    31013.350       24.262
2018 03 23 14 11 20    21431    31013.350       24.262
2018 03 23 14 11 21    21432    31014.597       24.261
2018 03 23 14 11 22    21432    31014.597       24.261
2018 03 23 14 11 23    21431    31013.350       24.262
2018 03 23 14 11 24    21432    31014.597       24.261
2018 03 23 14 11 25    21432    31014.597       24.261
2018 03 23 14 11 26    21433    31015.845       24.260
2018 03 23 14 11 27    21432    31014.597       24.261
2018 03 23 14 11 28    21432    31014.597       24.261
2018 03 23 14 11 29    21434    31017.093       24.259
2018 03 23 14 11 30    21434    31017.093       24.259
2018 03 23 14 11 31    21433    31015.845       24.260
2018 03 23 14 11 32    21434    31017.093       24.259
2018 03 23 14 11 33    21434    31017.093       24.259
2018 03 23 14 11 34    21434    31017.093       24.259
2018 03 23 14 11 35    21434    31017.093       24.259
2018 03 23 14 11 36    21434    31017.093       24.259
2018 03 23 14 11 37    21435    31018.341       24.258
2018 03 23 14 11 38    21435    31018.341       24.258
2018 03 23 14 11 39    21435    31018.341       24.258
2018 03 23 14 11 40    21435    31018.341       24.258
2018 03 23 14 11 41    21435    31018.341       24.258
2018 03 23 14 11 42    21435    31018.341       24.258
2018 03 23 14 11 43    21436    31019.588       24.257
2018 03 23 14 11 44    21436    31019.588       24.257
2018 03 23 14 11 45    21435    31018.341       24.258
2018 03 23 14 11 46    21436    31019.588       24.257
2018 03 23 14 11 47    21435    31018.341       24.258
2018 03 23 14 11 48    21436    31019.588       24.257
2018 03 23 14 11 49    21436    31019.588       24.257
2018 03 23 14 11 50    21436    31019.588       24.257
2018 03 23 14 11 51    21437    31020.836       24.257
2018 03 23 14 11 52    21436    31019.588       24.257
2018 03 23 14 11 53    21437    31020.836       24.257
2018 03 23 14 11 54    21436    31019.588       24.257
2018 03 23 14 11 55    21437    31020.836       24.257
2018 03 23 14 11 56    21437    31020.836       24.257
2018 03 23 14 11 57    21437    31020.836       24.257
2018 03 23 14 11 58    21437    31020.836       24.257
2018 03 23 14 11 59    21438    31022.084       24.256
2018 03 23 14 12 00    21437    31020.836       24.257
2018 03 23 14 12 01    21437    31020.836       24.257
2018 03 23 14 12 02    21438    31022.084       24.256
2018 03 23 14 12 03    21438    31022.084       24.256
2018 03 23 14 12 04    21439    31023.332       24.255
2018 03 23 14 12 05    21440    31024.580       24.254
2018 03 23 14 12 06    21440    31024.580       24.254
2018 03 23 14 12 07    21440    31024.580       24.254
2018 03 23 14 12 08    21441    31025.828       24.253
2018 03 23 14 12 09    21441    31025.828       24.253
2018 03 23 14 12 10    21442    31027.076       24.252
2018 03 23 14 12 11    21442    31027.076       24.252
2018 03 23 14 12 12    21442    31027.076       24.252
2018 03 23 14 12 13    21443    31028.324       24.251
2018 03 23 14 12 14    21443    31028.324       24.251
2018 03 23 14 12 15    21443    31028.324       24.251
2018 03 23 14 12 16    21443    31028.324       24.251
2018 03 23 14 12 17    21444    31029.572       24.251
2018 03 23 14 12 18    21444    31029.572       24.251
2018 03 23 14 12 19    21444    31029.572       24.251
2018 03 23 14 12 20    21445    31030.820       24.250
2018 03 23 14 12 21    21444    31029.572       24.251
2018 03 23 14 12 22    21444    31029.572       24.251
2018 03 23 14 12 23    21445    31030.820       24.250
2018 03 23 14 12 24    21444    31029.572       24.251
2018 03 23 14 12 25    21445    31030.820       24.250
2018 03 23 14 12 26    21446    31032.068       24.249
2018 03 23 14 12 27    21446    31032.068       24.249
2018 03 23 14 12 28    21445    31030.820       24.250
2018 03 23 14 12 29    21447    31033.316       24.248
2018 03 23 14 12 30    21446    31032.068       24.249
2018 03 23 14 12 31    21447    31033.316       24.248
2018 03 23 14 12 32    21446    31032.068       24.249
2018 03 23 14 12 33    21447    31033.316       24.248
2018 03 23 14 12 34    21447    31033.316       24.248
2018 03 23 14 12 35    21448    31034.564       24.247
2018 03 23 14 12 36    21447    31033.316       24.248
2018 03 23 14 12 37    21447    31033.316       24.248
2018 03 23 14 12 38    21447    31033.316       24.248
2018 03 23 14 12 39    21448    31034.564       24.247
2018 03 23 14 12 40    21447    31033.316       24.248
2018 03 23 14 12 41    21448    31034.564       24.247
2018 03 23 14 12 42    21447    31033.316       24.248
2018 03 23 14 12 43    21447    31033.316       24.248
2018 03 23 14 12 44    21447    31033.316       24.248
2018 03 23 14 12 45    21447    31033.316       24.248
2018 03 23 14 12 46    21448    31034.564       24.247
2018 03 23 14 12 47    21448    31034.564       24.247
2018 03 23 14 12 48    21447    31033.316       24.248
2018 03 23 14 12 49    21448    31034.564       24.247
2018 03 23 14 12 50    21448    31034.564       24.247
2018 03 23 14 12 51    21447    31033.316       24.248
2018 03 23 14 12 52    21447    31033.316       24.248
2018 03 23 14 12 53    21448    31034.564       24.247
2018 03 23 14 12 54    21448    31034.564       24.247
2018 03 23 14 12 55    21448    31034.564       24.247
2018 03 23 14 12 56    21448    31034.564       24.247
2018 03 23 14 12 57    21448    31034.564       24.247
2018 03 23 14 12 58    21447    31033.316       24.248
2018 03 23 14 12 59    21448    31034.564       24.247
2018 03 23 14 13 00    21448    31034.564       24.247
2018 03 23 14 13 01    21449    31035.812       24.246
2018 03 23 14 13 02    21449    31035.812       24.246
2018 03 23 14 13 03    21448    31034.564       24.247
2018 03 23 14 13 04    21449    31035.812       24.246
2018 03 23 14 13 05    21449    31035.812       24.246
2018 03 23 14 13 06    21450    31037.060       24.245
2018 03 23 14 13 07    21450    31037.060       24.245
2018 03 23 14 13 08    21450    31037.060       24.245
2018 03 23 14 13 09    21452    31039.556       24.244
2018 03 23 14 13 10    21452    31039.556       24.244
2018 03 23 14 13 11    21453    31040.805       24.243
2018 03 23 14 13 12    21453    31040.805       24.243
2018 03 23 14 13 13    21453    31040.805       24.243
2018 03 23 14 13 14    21454    31042.053       24.242
2018 03 23 14 13 15    21455    31043.301       24.241
2018 03 23 14 13 16    21456    31044.549       24.240
2018 03 23 14 13 17    21456    31044.549       24.240
2018 03 23 14 13 18    21457    31045.798       24.239
2018 03 23 14 13 19    21458    31047.046       24.239
2018 03 23 14 13 20    21459    31048.294       24.238
2018 03 23 14 13 21    21460    31049.543       24.237
2018 03 23 14 13 22    21461    31050.791       24.236
2018 03 23 14 13 23    21462    31052.040       24.235
2018 03 23 14 13 24    21463    31053.288       24.234
2018 03 23 14 13 25    21464    31054.537       24.233
2018 03 23 14 13 26    21465    31055.785       24.233
2018 03 23 14 13 27    21467    31058.282       24.231
2018 03 23 14 13 28    21468    31059.531       24.230
2018 03 23 14 13 29    21470    31062.028       24.228
2018 03 23 14 13 30    21471    31063.277       24.227
2018 03 23 14 13 31    21472    31064.526       24.227
2018 03 23 14 13 32    21473    31065.774       24.226
2018 03 23 14 13 33    21474    31067.023       24.225
2018 03 23 14 13 34    21476    31069.521       24.223
2018 03 23 14 13 35    21476    31069.521       24.223
2018 03 23 14 13 36    21476    31069.521       24.223
2018 03 23 14 13 37    21476    31069.521       24.223
2018 03 23 14 13 38    21477    31070.770       24.222
2018 03 23 14 13 39    21477    31070.770       24.222
2018 03 23 14 13 40    21478    31072.018       24.221
2018 03 23 14 13 41    21480    31074.516       24.220
2018 03 23 14 13 42    21481    31075.765       24.219
2018 03 23 14 13 43    21482    31077.014       24.218
2018 03 23 14 13 44    21480    31074.516       24.220
2018 03 23 14 13 45    21464    31054.537       24.233
2018 03 23 14 13 46    21436    31019.588       24.257
2018 03 23 14 13 47    21392    30964.710       24.295
2018 03 23 14 13 48    21346    30907.390       24.335
2018 03 23 14 13 49    21301    30851.368       24.373
2018 03 23 14 13 50    21250    30787.939       24.417
2018 03 23 14 13 51    21205    30732.027       24.456
2018 03 23 14 13 52    21165    30682.370       24.491
2018 03 23 14 13 53    21131    30640.194       24.520
2018 03 23 14 13 54    21101    30603.004       24.546
2018 03 23 14 13 55    21074    30569.553       24.569
2018 03 23 14 13 56    21053    30543.548       24.587
2018 03 23 14 13 57    21033    30518.791       24.605
2018 03 23 14 13 58    21018    30500.230       24.618
2018 03 23 14 13 59    21003    30481.675       24.631
2018 03 23 14 14 00    20989    30464.363       24.643
2018 03 23 14 14 01    20977    30449.527       24.653
2018 03 23 14 14 02    20966    30435.931       24.663
2018 03 23 14 14 03    20956    30423.573       24.672
2018 03 23 14 14 04    20946    30411.218       24.680
2018 03 23 14 14 05    20939    30402.571       24.686
2018 03 23 14 14 06    20931    30392.690       24.693
2018 03 23 14 14 07    20922    30381.576       24.701
2018 03 23 14 14 08    20916    30374.168       24.706
2018 03 23 14 14 09    20912    30369.230       24.710
2018 03 23 14 14 10    20906    30361.823       24.715
2018 03 23 14 14 11    20901    30355.651       24.719
2018 03 23 14 14 12    20897    30350.715       24.723
2018 03 23 14 14 13    20892    30344.544       24.727
2018 03 23 14 14 14    20888    30339.608       24.731
2018 03 23 14 14 15    20885    30335.907       24.733
2018 03 23 14 14 16    20881    30330.972       24.737
2018 03 23 14 14 17    20878    30327.270       24.739
2018 03 23 14 14 18    20875    30323.570       24.742
2018 03 23 14 14 19    20873    30321.102       24.744
2018 03 23 14 14 20    20868    30314.935       24.748
2018 03 23 14 14 21    20865    30311.235       24.751
2018 03 23 14 14 22    20864    30310.001       24.752
2018 03 23 14 14 23    20862    30307.535       24.753
2018 03 23 14 14 24    20860    30305.068       24.755
2018 03 23 14 14 25    20857    30301.369       24.758
2018 03 23 14 14 26    20854    30297.670       24.760
2018 03 23 14 14 27    20851    30293.970       24.763
2018 03 23 14 14 28    20846    30287.806       24.767
2018 03 23 14 14 29    20842    30282.875       24.771
2018 03 23 14 14 30    20837    30276.711       24.775
2018 03 23 14 14 31    20833    30271.781       24.779
2018 03 23 14 14 32    20832    30270.548       24.779
2018 03 23 14 14 33    20830    30268.083       24.781
2018 03 23 14 14 34    20830    30268.083       24.781
2018 03 23 14 14 35    20829    30266.851       24.782
2018 03 23 14 14 36    20828    30265.618       24.783
2018 03 23 14 14 37    20827    30264.386       24.784
2018 03 23 14 14 38    20824    30260.689       24.786
2018 03 23 14 14 39    20822    30258.224       24.788
2018 03 23 14 14 40    20820    30255.760       24.790
